CPU CORE SOCKET NODE    MAXMHZ
  0    0      0    0 5500.0000
  1    1      0    0 5700.0000
  2    2      0    0 5700.0000
  3    3      0    0 5500.0000
  4    4      0    0 5500.0000
  5    5      0    0 5500.0000
  6    6      0    0 5500.0000
  7    7      0    0 5500.0000
  8    8      0    0 4700.0000
  9    9      0    0 4700.0000
 10   10      0    0 4700.0000
 11   11      0    0 4700.0000
 12   12      0    0 4700.0000
 13   13      0    0 4700.0000
 14   14      0    0 4700.0000
 15   15      0    0 4700.0000
 16   16      0    0 4700.0000
 17   17      0    0 4700.0000
 18   18      0    0 4700.0000
 19   19      0    0 4700.0000
 20   20      0    0 4700.0000
 21   21      0    0 4700.0000
 22   22      0    0 4700.0000
 23   23      0    0 4700.0000
